5 objects
4.199999999999343e-06,3.2000000000018125e-06,3.500000000000031e-06,3.7000000000023126e-06,3.500000000000031e-06,3.599999999999437e-06,2.699999999997843e-06,3.599999999999437e-06,3.6000000000029064e-06,3.599999999999437e-06
2.5000000000025002e-06,1.3999999999986246e-06,1.5000000000015001e-06,1.4999999999980307e-06,1.2999999999992184e-06,1.1000000000004062e-06,1.300000000002688e-06,1.2999999999992184e-06,1.1000000000004062e-06,1.300000000002688e-06
1.7000000000003124e-06,1.3999999999986246e-06,1.1000000000004062e-06,1.2000000000032818e-06,1.1000000000004062e-06,1.300000000002688e-06,1.2999999999992184e-06,1.400000000002094e-06,1.2999999999992184e-06,1.3999999999986246e-06
1.8999999999991246e-06,1.1999999999998123e-06,1.5000000000015001e-06,1.7000000000003124e-06,1.4999999999980307e-06,1.5999999999974368e-06,1.1999999999998123e-06,1.7000000000003124e-06,1.300000000002688e-06,1.4999999999980307e-06

10 objects
7.899999999998186e-06,1.560000000000103e-05,7.3000000000017495e-06,7.399999999997686e-06,7.099999999999468e-06,6.100000000001937e-06,6.700000000001843e-06,7.000000000000062e-06,7.599999999999968e-06,7.500000000000562e-06
2.2000000000008124e-06,1.1999999999998123e-06,1.1999999999998123e-06,1.5000000000015001e-06,1.3999999999986246e-06,1.5000000000015001e-06,2.4999999999990308e-06,1.5000000000015001e-06,1.4999999999980307e-06,1.7000000000003124e-06
1.1999999999998123e-06,2.2000000000008124e-06,1.7000000000003124e-06,1.1000000000004062e-06,1.7000000000003124e-06,1.2999999999992184e-06,1.7000000000003124e-06,1.699999999996843e-06,1.7000000000003124e-06,1.1999999999998123e-06
1.9999999999985307e-06,1.800000000003188e-06,1.7999999999997185e-06,1.7999999999997185e-06,1.5000000000015001e-06,4.400000000001625e-06,1.9999999999985307e-06,1.699999999996843e-06,1.5999999999974368e-06,1.5000000000015001e-06

100 objects
0.0003602000000000015,0.0003848000000000011,0.0003472999999999983,0.0003371999999999993,0.00033220000000000124,0.0003733999999999994,0.0003715999999999997,0.00040480000000000377,0.00037650000000000183,0.00047429999999999695
3.2000000000018125e-06,4.500000000001031e-06,3.500000000000031e-06,3.099999999998937e-06,1.400000000002094e-06,3.099999999998937e-06,2.7000000000013125e-06,2.000000000002e-06,1.799999999996249e-06,1.9999999999950613e-06
4.600000000000437e-06,5.499999999998562e-06,3.599999999999437e-06,3.3000000000012186e-06,5.100000000000937e-06,2.7000000000013125e-06,4.099999999999937e-06,1.0700000000002374e-05,1.5999999999974368e-06,4.9999999999980616e-06
1.4999999999980307e-06,2.6000000000019063e-06,2.3000000000002185e-06,1.9999999999985307e-06,2.2000000000008124e-06,2.4999999999990308e-06,1.300000000002688e-06,2.2000000000008124e-06,2.099999999997937e-06,2.9000000000001247e-06

1000 objects
0.0412506,0.0413921,0.058377399999999996,0.04149439999999999,0.04361320000000002,0.043754300000000024,0.04398550000000001,0.04613100000000003,0.04887219999999998,0.04246110000000003
7.000000000000062e-06,1.2100000000000999e-05,4.299999999998749e-06,2.2999999999828713e-06,1.3399999999996748e-05,7.440000000003e-05,4.28000000000095e-05,5.599999999994498e-06,5.599999999994498e-06,1.2300000000020628e-05
4.08000000000075e-05,2.589999999999537e-05,3.709999999998437e-05,5.209999999999937e-05,2.8599999999989745e-05,8.100000000010876e-06,5.5299999999980365e-05,2.599999999997049e-05,1.089999999998037e-05,6.659999999997224e-05
4.300000000012627e-06,3.800000000012127e-06,3.7999999999982492e-06,3.900000000001125e-06,4.100000000006876e-06,4.300000000012627e-06,9.299999999989872e-06,3.5000000000451337e-06,4.100000000006876e-06,5.0999999999801204e-06

10000 objects
5.208487999999999,4.9308275,4.6691549000000006,4.6145303,4.8912784999999985,4.8027272,5.420052599999998,5.2143485,4.933512999999998,5.050764099999995
0.0011423000000000405,0.0005357999999997531,3.4400000000545106e-05,0.00013970000000007587,0.0001181999999992911,0.0004439000000004967,0.00014239999999787756,0.0001852999999982785,1.079999999831216e-05,0.0004258999999962043
0.0006890000000003837,8.300000000005525e-05,0.00013859999999965567,0.0002919999999981826,0.00023799999999951638,0.00022640000000251348,0.00032310000000279615,0.0006289000000023748,0.0006101999999970076,0.00016430000000156042
7.399999999435636e-06,6.099999998454564e-06,4.699999999857596e-06,4.9000000004184585e-06,4.799999999249849e-06,5.000000001587068e-06,1.0600000003080368e-05,5.000000001587068e-06,4.9000000004184585e-06,6.100000000230921e-06

