5 objects
8.500000000001562e-06,3.300000000004688e-06,2.7000000000013125e-06,3.399999999993686e-06,3.099999999998937e-06,2.799999999997249e-06,2.099999999997937e-06,3.4999999999965614e-06,3.300000000004688e-06,2.800000000004188e-06
3.300000000004688e-06,1.5999999999974368e-06,1.1999999999998123e-06,1.300000000002688e-06,1.0999999999969368e-06,1.300000000002688e-06,1.000000000001e-06,1.1999999999998123e-06,1.0999999999969368e-06,1.1999999999998123e-06
2.2000000000008124e-06,1.5000000000015001e-06,1.300000000002688e-06,1.1000000000038757e-06,1.1999999999998123e-06,1.1999999999998123e-06,1.5999999999974368e-06,1.299999999995749e-06,1.000000000001e-06,1.1999999999998123e-06
2.3999999999996247e-06,1.1999999999998123e-06,1.0999999999969368e-06,1.5000000000015001e-06,1.1000000000038757e-06,1.1999999999998123e-06,1.299999999995749e-06,1.1999999999998123e-06,1.4000000000055635e-06,1.0999999999969368e-06

10 objects
1.1499999999997623e-05,6.399999999996686e-06,5.499999999998562e-06,6.100000000001937e-06,5.800000000000249e-06,7.80000000000225e-06,5.600000000001437e-06,7.199999999998874e-06,6.600000000002437e-06,6.899999999997186e-06
1.1999999999998123e-06,1.4999999999945612e-06,1.5000000000015001e-06,1.3999999999986246e-06,1.1999999999998123e-06,1.299999999995749e-06,1.1999999999998123e-06,1.300000000002688e-06,1.0999999999969368e-06,1.5999999999974368e-06
1.8999999999991246e-06,1.5000000000015001e-06,1.3999999999986246e-06,1.300000000002688e-06,1.5999999999974368e-06,1.3999999999986246e-06,1.0999999999969368e-06,1.0999999999969368e-06,1.5000000000015001e-06,1.1999999999998123e-06
1.3999999999986246e-06,1.0999999999969368e-06,1.0999999999969368e-06,1.5999999999974368e-06,1.3999999999986246e-06,1.1999999999998123e-06,1.4000000000055635e-06,1.3999999999986246e-06,1.800000000003188e-06,1.5000000000015001e-06

100 objects
0.00038519999999999527,0.0003625000000000017,0.000376300000000003,0.0003794999999999979,0.00036029999999999396,0.00038259999999999683,0.0003495999999999916,0.00037689999999999946,0.00038919999999999233,0.0008829999999999949
5.900000000003125e-06,1.8999999999991246e-06,4.9999999999980616e-06,4.700000000003313e-06,2.9000000000001247e-06,3.600000000006376e-06,2.000000000002e-06,1.3999999999986246e-06,5.100000000007876e-06,3.2000000000087514e-06
2.1000000000048757e-06,5.199999999996874e-06,5.800000000000249e-06,3.5000000000035003e-06,4.199999999995874e-06,3.7999999999982492e-06,2.1000000000048757e-06,5.200000000010752e-06,2.3999999999996247e-06,3.5000000000035003e-06
1.800000000003188e-06,1.7000000000003124e-06,1.9000000000060635e-06,2.300000000003688e-06,2.1000000000048757e-06,1.8999999999991246e-06,1.8999999999991246e-06,2.1000000000048757e-06,2.000000000002e-06,2.7000000000082514e-06

1000 objects
0.042090100000000005,0.047574000000000005,0.04367800000000002,0.04132549999999999,0.04349739999999999,0.04508620000000002,0.04341430000000002,0.04037630000000003,0.04161389999999998,0.042277399999999965
1.0700000000002374e-05,1.4299999999994872e-05,7.299999999987872e-06,2.1999999999994246e-05,4.399999999987747e-06,1.1499999999997623e-05,3.3700000000025376e-05,3.2399999999987994e-05,2.069999999998462e-05,2.1500000000007624e-05
3.7099999999998245e-05,5.150000000000987e-05,1.4399999999997748e-05,5.4499999999985116e-05,8.200000000013752e-06,3.3899999999975616e-05,3.140000000001475e-05,2.8799999999995496e-05,4.0600000000001746e-05,5.2399999999952485e-05
3.9999999999901226e-06,3.2000000000087514e-06,3.6999999999953737e-06,3.7999999999982492e-06,5.199999999982996e-06,3.999999999948489e-06,4.2000000000097515e-06,3.400000000042258e-06,4.2000000000097515e-06,4.500000000073889e-06

10000 objects
5.499822900000001,5.397784,5.084233200000002,4.9588298,5.2240252,5.185350200000002,4.987789599999999,4.902799600000002,4.9799150999999995,5.257033100000001
0.00021490000000001785,1.3599999999946988e-05,2.689999999994086e-05,0.0007300000000007856,5.2900000000022374e-05,7.199999998874773e-06,5.9700000001328135e-05,1.2699999999199463e-05,0.0001277000000001749,2.8099999994424252e-05
0.00020970000000009037,0.0004945999999996786,0.00011330000000242535,4.799999999249849e-06,5.2900000000022374e-05,0.00025630000000020914,0.0004707000000010453,0.0004326000000034469,0.00018620000000169057,0.0007745000000056734
8.499999999855845e-06,9.699999999668307e-06,8.899999997424857e-06,7.199999998874773e-06,7.499999998827889e-06,6.400000000184036e-06,5.999999999062311e-06,4.9000000004184585e-06,5.800000003830519e-06,5.600000001493299e-06

30000 objects
53.0130403,47.670733600000005,46.722869799999984,55.21485280000002,47.077650199999994,45.69046559999998,46.29673729999996,46.6791518,47.03397960000001,47.95343569999994
0.0013465999999979772,8.189999999785869e-05,0.0009905000000003383,0.0010255999999913001,0.0007342000000107873,0.0006930999999781307,0.00045090000003256137,0.0006867999999826679,0.0009034999999926185,0.0005552000000079715
0.0014893999999969765,5.5900000006658956e-05,0.00040429999998536914,0.001319800000004534,0.0012195999999562446,0.0018296999999733998,0.0011749000000236265,0.0015713999999888983,0.0015680999999858614,0.0009091000000580607
8.800000003361674e-06,7.300000021359665e-06,7.400000015422847e-06,7.400000015422847e-06,8.00000003664536e-06,7.200000027296483e-06,8.100000002286833e-06,1.4500000020234438e-05,6.899999959841807e-06,6.999999982326699e-06

50000 objects
143.97444059999998,135.58706099999995,136.0032814,135.21039619999988,136.3367763000001,136.04286490000004,133.8013625000001,130.02905209999994,130.09988829999998,130.57842329999994
0.0015968999999813605,0.0021207999999433014,0.0009399999999004649,0.0015423999999484295,0.0016608000000815082,0.001524400000107562,0.0015309000000343076,0.0027285000001029402,0.00019480000014482357,0.0008636000000024069
0.0040308999999751904,0.0014022999999951935,0.00335399999994479,0.0005697999999938475,0.000517100000024584,0.0018178000000261818,0.001007300000082978,0.0019065999999838823,0.0011270999998487241,0.0016775999999936175
7.700000082877523e-06,7.4999999242209014e-06,8.7999999323074e-06,7.699999969190685e-06,7.300000106624793e-06,7.599999889862374e-06,7.500000037907739e-06,7.200000027296483e-06,6.799999937356915e-06,8.499999921696144e-06

75000 objects
319.0511505999998,311.37368940000033,312.67219330000034,316.02615909999986,324.79540899999984,327.369005,338.31110119999994,326.64883400000053,336.9176387999996,326.4346292
5.549999991671939e-05,0.0011080999997830077,0.003165699999954086,0.0045214000001578825,0.0009363999997731298,0.0016659000002618995,0.0014787000000069384,0.0034272000002602,0.0019591999998738174,0.0014845000005152542
0.0025611999999455293,0.0003768000001400651,0.006808699999965029,0.002022399999987101,0.008046899999953894,0.003643000000010943,0.00023529999998572748,0.003176100000018778,0.000900799999726587,0.0033000000003085006
7.899999673099956e-06,7.900000127847306e-06,9.099999715544982e-06,8.999999863590347e-06,8.499999694322469e-06,8.099999831756577e-06,7.200000254670158e-06,8.600000001024455e-06,8.600000001024455e-06,1.1900000572495628e-05

